70
11
28
70
7
31
37
68
22
45
15
61
29
17
9
10
58
6
3
55
48
20
46
5
23
39
25
49
42
13
12
24
1
43
64
66
4
59
21
16
32
36
54
30
57
34
40
18
14
44
41
65
56
62
26
51
52
53
38
19
8
67
35
63
50
47
2
27
69
33
60
20
72
89
87
79
76
86
74
75
80
77
73
81
90
88
83
78
85
82
84
71
366
49 87
57 80
3 79
42 75
43 89
68 81
61 82
9 88
33 78
1 77
49 78
2 90
3 74
13 82
38 88
13 73
38 81
36 85
62 75
28 71
13 72
52 86
53 78
34 87
58 89
44 83
38 76
16 74
4 86
13 79
51 81
70 87
1 72
14 86
65 84
48 77
36 81
26 75
4 73
48 86
70 89
61 79
39 73
29 87
64 90
49 90
43 88
24 73
30 83
46 85
15 76
61 83
68 89
24 88
12 76
43 76
7 85
32 85
9 78
62 74
52 80
7 80
59 77
38 89
63 81
52 85
7 71
65 73
59 88
7 88
50 88
38 75
10 87
50 73
51 87
66 73
59 90
44 75
69 83
8 90
1 89
25 79
41 79
10 74
11 90
36 84
60 74
25 86
26 74
41 90
23 85
69 80
70 81
26 83
11 76
61 80
29 88
18 84
42 86
36 71
54 83
57 90
30 82
18 78
33 73
64 79
3 77
46 77
33 80
7 83
67 83
33 85
58 77
13 75
3 81
28 89
58 86
63 82
56 90
31 74
65 74
34 85
53 87
22 74
62 84
1 76
50 80
56 82
4 88
58 80
65 72
45 86
63 75
5 87
29 77
8 89
47 78
10 72
35 74
29 76
47 85
10 73
14 77
54 71
1 88
8 72
60 71
39 79
40 85
54 73
18 83
30 88
12 90
20 79
60 85
46 90
8 87
37 77
20 88
42 71
49 74
3 78
21 87
24 89
15 81
27 79
31 83
33 72
31 75
12 78
28 78
67 84
31 86
27 81
6 77
56 77
34 83
38 71
28 81
34 71
58 73
69 86
38 73
62 83
16 75
32 75
56 81
11 86
16 84
50 72
51 80
10 71
16 89
65 87
8 81
12 88
11 72
26 80
4 78
30 76
8 74
26 81
18 89
26 90
16 79
55 80
17 78
20 73
36 73
24 77
20 82
20 87
64 73
49 75
22 86
21 88
67 90
28 77
15 89
2 87
9 74
34 72
13 78
3 88
32 82
62 71
59 76
63 85
63 88
52 90
16 72
32 72
41 86
59 83
44 82
38 79
47 73
16 86
23 71
11 83
22 78
25 82
51 72
31 89
60 75
5 71
11 80
26 88
19 90
39 86
54 78
60 89
61 75
40 87
29 83
54 87
55 77
57 86
31 77
60 82
24 80
55 72
21 79
61 88
46 81
15 80
64 76
21 81
68 88
46 74
24 84
33 90
58 72
13 88
27 88
67 82
33 81
59 71
38 83
62 77
52 75
19 87
52 84
32 90
19 82
59 73
52 89
59 84
62 88
4 84
45 90
47 71
63 71
50 77
30 73
66 77
45 81
47 74
35 78
65 82
39 89
57 74
23 82
8 83
48 76
66 88
30 74
35 87
61 77
26 87
39 75
48 90
61 76
40 82
17 80
57 87
42 90
36 75
60 81
2 73
43 81
67 75
20 89
42 76
42 77
2 84
21 89
31 82
24 83
34 77
2 85
7 87
37 79
9 76
63 87
12 72
38 82
62 76
52 83
32 89
56 71
41 81
34 88
9 89
50 82
4 80
50 75
47 72
63 72
10 90
45 82
41 77
10 76
4 74
29 72
45 72
8 78
47 89
66 87
17 83
11 78
64 82
21 77
42 89
9 81
67 76
40
91
92
93
94
95
96
97
98
99
100
101
102
103
104
105
106
107
108
109
110
111
112
113
114
115
116
117
118
119
120
121
122
123
124
125
126
127
128
129
130
50
131
132
133
134
135
136
137
138
139
140
141
142
143
144
145
146
147
148
149
150
151
152
153
154
155
156
157
158
159
160
161
162
163
164
165
166
167
168
169
170
171
172
173
174
175
176
177
178
179
180
1634
50 147
20 156
94 159
116 178
45 148
119 143
48 135
126 89
54 167
96 139
9 143
62 152
15 163
16 144
38 159
66 155
50 140
108 87
91 131
110 178
21 170
26 163
45 139
48 144
70 159
13 157
120 163
107 150
34 148
36 148
39 141
120 84
92 80
2 177
113 172
25 133
52 161
97 86
35 172
95 146
60 146
99 77
123 71
107 157
34 149
37 168
114 71
106 152
15 173
109 133
112 138
25 140
91 149
110 164
111 84
10 171
51 157
54 178
129 164
60 151
11 140
30 169
17 164
62 163
109 132
63 132
110 157
3 164
100 155
28 170
48 155
51 152
70 138
5 176
120 138
126 72
36 135
19 179
59 167
61 135
64 140
67 167
13 175
127 85
38 179
40 147
63 139
46 179
1 131
57 154
56 164
107 138
39 169
59 162
42 176
57 178
2 157
112 165
27 141
63 142
49 146
50 169
53 148
11 137
23 177
28 168
31 145
53 166
30 180
104 141
32 180
17 137
109 90
19 165
61 149
113 155
98 154
121 156
119 90
36 168
96 74
101 145
11 176
20 139
59 180
64 167
127 74
106 160
49 144
106 88
26 146
122 134
129 135
5 132
104 131
32 162
17 135
113 139
64 176
94 175
117 175
63 167
123 150
28 139
102 144
105 179
129 158
5 139
21 155
109 71
112 76
61 162
67 134
15 158
40 176
24 157
121 177
56 157
7 150
65 141
30 152
22 142
66 164
114 160
98 166
24 150
10 146
33 132
91 77
100 174
122 153
32 157
55 153
115 142
22 151
121 80
18 141
4 178
45 169
125 76
91 88
130 175
97 168
114 149
105 168
14 159
126 150
109 180
121 87
91 176
130 168
95 180
116 75
118 174
102 164
104 79
97 135
37 134
94 85
120 79
13 159
97 79
16 180
128 159
113 174
97 88
25 170
116 163
10 133
68 155
70 163
122 180
124 148
14 145
34 144
113 86
39 153
32 140
128 136
66 144
69 141
21 165
116 172
43 138
117 145
10 142
29 165
33 176
96 141
9 137
1 175
95 77
62 158
63 173
128 141
10 177
112 72
11 160
12 171
107 172
62 151
106 165
38 158
41 144
20 180
27 175
94 151
23 147
25 167
126 81
93 160
95 176
60 156
105 139
107 147
103 175
15 171
109 143
92 79
115 166
63 151
52 164
3 175
114 175
23 150
26 171
45 131
29 178
57 134
130 133
95 151
99 78
8 160
30 175
34 172
36 156
37 161
39 133
102 82
101 137
15 174
2 137
38 144
45 164
110 163
111 81
114 168
100 149
35 164
54 177
8 149
19 136
30 168
107 133
13 177
93 71
1 141
3 161
116 141
29 136
57 140
5 169
118 157
30 161
36 138
130 141
129 153
108 165
27 131
28 162
29 159
48 163
125 139
57 155
95 140
60 168
8 139
36 143
39 170
13 167
115 144
2 148
27 142
119 89
1 155
97 143
96 79
53 167
58 165
99 82
8 132
11 166
19 166
39 161
42 152
92 164
93 84
38 164
112 173
117 90
118 86
130 73
97 134
26 144
11 173
19 157
47 149
11 153
24 138
123 140
68 180
98 170
105 77
125 152
57 176
17 136
61 172
128 78
98 171
52 147
97 148
105 180
32 170
113 131
66 170
67 131
98 164
100 87
123 158
33 142
52 156
3 151
97 171
96 163
99 131
28 131
129 150
7 139
103 159
30 151
104 180
66 163
69 170
40 168
24 149
101 88
93 167
99 158
28 156
102 177
124 144
103 146
104 169
126 156
92 133
10 154
123 176
68 176
33 156
130 174
96 145
122 161
105 169
104 81
113 89
95 89
103 137
109 173
41 149
115 136
121 88
92 158
100 78
68 149
129 172
130 167
116 78
12 135
124 158
41 156
107 179
44 135
122 81
69 135
92 147
23 143
43 144
101 77
68 158
33 170
70 162
58 152
9 131
104 71
53 159
62 132
32 139
128 135
22 161
25 178
4 168
117 146
101 76
70 171
93 139
130 177
95 163
60 141
96 144
99 162
9 138
8 180
14 137
129 73
39 145
13 142
47 164
50 145
4 173
116 180
6 177
24 178
95 166
118 136
105 133
127 176
106 172
92 73
47 171
110 176
111 72
94 150
4 150
45 133
48 138
52 167
8 162
11 136
107 148
36 150
129 71
102 88
117 142
112 131
47 174
111 79
114 174
48 151
70 134
11 143
34 171
17 175
36 155
37 162
93 73
117 71
63 159
116 135
6 172
70 143
35 161
130 157
9 166
11 138
30 167
42 164
62 161
64 141
66 133
49 167
40 152
25 149
117 78
53 146
4 137
51 150
125 141
120 140
104 153
107 141
19 177
59 165
18 180
128 169
38 177
40 141
117 85
46 177
110 148
99 88
42 174
62 179
92 174
93 86
98 135
117 84
50 175
97 144
116 158
102 147
31 151
125 131
129 139
5 160
19 163
15 144
118 85
50 168
52 136
26 143
100 180
48 180
57 170
101 147
11 174
20 141
41 179
42 160
61 174
18 167
111 134
68 179
6 137
125 145
57 177
101 154
32 164
109 74
112 77
108 132
92 177
123 148
130 90
12 158
127 160
30 157
32 169
110 79
113 132
42 138
61 164
66 169
18 145
40 170
98 163
100 90
63 176
121 179
68 161
52 155
130 83
97 172
28 134
16 167
19 135
114 158
119 175
46 135
123 166
68 170
97 163
53 131
95 87
65 134
126 155
113 178
41 175
22 149
18 131
21 138
43 155
10 153
68 175
58 133
116 72
122 168
105 170
104 84
113 90
109 174
55 146
20 178
115 133
66 180
47 144
43 134
117 141
100 77
101 71
33 148
130 166
114 84
96 153
9 157
122 169
104 73
37 136
120 73
32 141
109 165
128 153
41 157
25 172
111 180
23 144
119 180
13 161
33 171
70 161
113 148
122 178
105 152
124 150
34 142
39 159
95 76
62 131
2 163
113 169
25 179
69 143
94 131
21 167
116 174
93 140
58 160
95 164
11 147
34 135
18 161
119 85
103 179
106 162
115 178
50 152
91 135
114 179
116 179
24 177
119 142
70 147
54 164
107 170
116 132
62 149
47 172
94 149
114 172
23 145
45 134
60 158
8 161
12 166
34 145
42 177
62 174
64 154
109 137
112 142
103 85
114 173
96 85
70 133
118 137
30 173
14 179
36 158
124 157
128 166
93 74
112 139
40 154
25 143
63 160
23 163
100 151
130 148
5 164
120 142
34 163
64 144
106 158
2 136
98 140
110 154
111 90
4 140
6 148
100 160
48 168
95 135
7 179
9 174
120 139
42 172
106 135
106 138
92 88
2 153
46 176
101 87
29 153
95 138
99 85
65 173
103 73
106 144
2 146
112 162
40 133
98 134
118 75
46 169
123 136
50 174
110 140
116 157
11 168
5 153
101 149
109 85
44 170
108 149
128 90
111 132
38 162
118 84
46 162
123 143
52 135
20 131
97 136
6 143
31 159
101 148
120 146
30 138
104 135
19 155
20 144
42 159
64 164
15 151
98 152
27 158
49 131
99 143
129 154
101 155
19 150
113 142
64 169
108 131
100 84
130 89
102 141
123 75
12 157
113 88
7 146
41 162
115 153
42 137
44 157
66 176
18 152
94 165
24 154
68 164
97 173
100 170
110 81
12 150
53 133
7 137
110 71
22 139
66 161
67 156
111 160
43 145
68 169
22 176
130 171
99 156
122 158
105 164
53 132
127 143
95 88
65 135
103 152
104 171
124 133
55 160
92 135
117 135
45 172
119 167
123 174
33 158
130 164
116 71
28 147
122 167
104 83
14 156
37 154
65 158
113 170
22 157
69 154
92 160
24 165
100 80
35 137
96 156
99 174
104 76
34 140
62 137
65 149
120 76
128 156
22 166
66 140
21 153
67 179
10 138
123 162
35 132
116 85
118 180
102 170
12 178
124 149
39 160
95 73
2 162
41 133
22 175
29 168
48 134
93 133
95 161
96 138
106 154
120 169
105 160
14 135
34 134
129 75
114 88
59 136
119 86
103 180
106 161
128 138
66 134
47 162
50 151
21 175
23 169
35 150
60 136
9 179
8 171
12 176
107 151
113 71
115 149
16 140
92 75
112 136
27 174
63 147
47 169
91 143
16 158
114 171
122 135
48 140
33 177
54 172
129 170
60 157
105 142
17 170
36 152
37 165
59 138
109 138
115 161
47 180
114 164
96 88
26 176
70 132
40 165
129 161
60 150
5 166
8 153
30 172
14 178
36 157
119 169
21 174
16 154
92 89
38 141
121 132
1 136
117 154
111 88
4 134
26 177
48 154
5 173
118 145
120 141
30 165
124 74
107 132
37 171
42 162
92 82
112 147
118 72
121 139
52 179
110 153
116 146
6 147
58 161
28 174
29 131
31 171
51 148
125 143
107 139
17 159
19 175
59 163
125 164
103 87
15 131
18 178
92 87
93 89
46 175
31 174
125 134
57 158
95 143
99 86
52 174
120 131
19 170
42 148
61 154
106 143
38 168
63 178
121 153
116 160
100 141
106 86
125 157
54 137
57 165
17 141
109 86
69 177
31 164
128 89
24 142
118 83
13 163
3 137
26 141
102 154
108 146
7 165
120 145
17 132
19 156
55 177
61 176
98 84
67 144
111 140
24 139
27 155
121 167
97 160
28 138
123 78
105 80
31 135
57 179
5 144
101 156
32 174
36 167
110 84
20 152
97 73
44 167
15 159
40 179
117 171
100 83
63 171
99 135
26 159
122 147
106 73
56 132
65 138
32 171
55 131
115 154
66 175
21 134
46 140
123 153
68 163
28 136
12 149
56 153
108 136
16 161
20 166
97 71
47 132
18 144
111 157
21 141
119 173
125 73
130 170
9 145
122 157
105 165
51 161
32 153
46 145
126 153
113 180
22 147
121 84
91 161
98 179
117 136
10 159
49 176
126 80
116 74
37 155
65 159
120 78
126 146
128 158
113 171
97 85
111 175
94 143
21 147
116 162
100 79
10 136
119 168
118 170
102 176
122 175
108 151
14 148
53 147
101 167
32 143
126 171
25 174
122 86
91 179
107 162
43 139
127 165
60 137
102 169
12 177
124 152
14 141
95 74
119 84
1 177
109 158
1 174
116 176
117 157
45 146
10 178
68 136
124 173
107 173
39 152
62 154
103 177
106 168
96 175
38 145
47 167
107 79
110 180
119 132
48 142
68 141
60 135
5 177
118 133
128 171
113 72
103 172
15 168
109 148
128 178
115 167
25 131
50 143
107 74
108 78
94 147
4 151
119 155
48 139
11 131
64 156
23 153
66 151
50 136
26 175
100 148
10 165
19 153
29 142
48 148
95 155
5 167
6 156
14 177
34 176
59 146
106 155
93 76
121 133
52 173
3 166
4 133
23 161
58 162
48 153
31 161
60 174
98 83
8 145
30 164
104 157
17 153
102 71
108 164
118 71
12 174
91 153
29 132
105 85
51 145
95 133
14 163
55 173
61 132
102 80
67 164
127 90
36 180
98 131
25 159
121 147
97 140
96 78
51 140
57 159
65 175
104 147
32 178
17 151
20 132
42 147
106 142
15 139
93 81
38 167
40 135
98 156
27 138
49 151
123 134
1 159
115 85
51 131
125 158
60 177
5 155
65 166
120 155
42 156
15 142
9 167
49 142
52 137
1 150
130 77
6 141
28 180
46 168
53 170
7 166
110 90
64 174
67 141
15 149
112 178
27 156
49 133
123 152
115 71
65 180
19 148
58 136
64 171
94 170
40 174
117 172
93 173
3 156
97 152
99 136
100 163
31 143
51 176
94 76
101 132
110 76
55 132
20 160
121 71
67 159
111 155
94 163
40 171
43 152
49 179
91 79
127 134
104 176
55 155
110 142
91 167
21 142
40 164
119 174
91 74
104 88
65 153
20 174
69 157
98 178
43 154
123 172
33 160
126 79
91 81
99 145
124 153
37 156
94 87
62 142
119 71
103 141
106 180
16 178
128 157
20 179
41 153
115 132
47 147
111 176
116 161
45 157
10 135
68 153
33 151
35 135
25 164
93 177
97 180
124 146
101 168
13 156
128 134
10 157
122 85
21 179
50 155
94 135
114 134
23 131
45 156
10 144
130 180
60 140
96 131
9 135
14 140
113 75
101 175
13 147
22 173
47 157
13 170
94 160
116 175
117 158
119 138
48 136
68 135
33 165
35 153
93 135
58 157
95 167
8 176
124 176
37 177
103 178
106 167
124 156
38 160
66 156
107 80
4 145
45 138
95 170
98 79
120 164
36 145
39 144
16 150
38 153
50 142
110 172
94 146
36 162
33 179
70 153
57 132
60 159
8 158
12 167
17 172
93 78
25 139
27 179
47 178
50 135
91 152
3 172
114 162
4 159
119 147
48 147
35 166
2 144
54 179
129 163
130 160
95 156
8 155
12 152
36 159
129 82
64 132
67 175
38 139
25 146
52 176
91 159
110 158
111 86
3 163
23 162
100 156
10 173
51 151
95 131
9 170
34 168
36 136
55 171
39 177
64 137
127 88
38 180
98 137
25 153
63 134
49 154
50 177
4 141
57 153
56 161
99 89
65 169
120 136
14 162
17 145
36 141
55 174
59 161
67 161
106 140
108 156
117 81
63 141
46 173
50 170
1 153
97 141
100 138
28 165
106 83
125 136
22 180
95 141
7 169
130 138
120 157
19 168
55 165
113 156
59 172
42 146
61 156
103 80
108 145
18 169
112 163
98 155
43 177
46 166
49 152
123 131
115 86
100 143
31 155
53 164
129 143
5 156
65 167
109 88
20 140
59 179
103 71
127 73
112 172
117 167
123 161
121 162
109 76
106 137
102 136
31 158
101 78
54 160
5 131
11 170
104 132
36 164
110 89
42 132
108 143
111 138
43 163
46 152
49 134
26 156
28 140
122 144
125 173
129 157
56 133
7 158
115 157
44 153
15 157
128 73
94 169
40 173
24 158
100 85
121 176
123 160
96 161
100 166
125 172
30 153
19 140
121 72
94 162
21 136
68 165
91 80
97 176
96 170
126 152
49 164
56 155
65 131
103 148
19 131
20 168
22 152
121 79
108 178
91 168
111 163
40 163
13 168
33 154
93 164
130 176
96 151
116 90
118 166
122 163
12 144
104 87
37 158
119 77
92 166
109 179
41 147
121 86
94 180
114 139
119 166
126 78
130 161
96 160
21 149
12 133
104 80
121 159
108 154
119 72
103 142
128 160
113 173
41 154
44 133
111 173
116 164
33 152
70 164
35 136
122 173
124 145
34 137
37 132
113 85
101 161
13 149
50 154
45 149
101 74
33 175
58 155
96 142
9 136
124 170
14 139
119 82
128 142
27 167
47 158
